Identification                                                         WIND            TEMP     DEWPT    SLP      PRECIP       PRECIP       PRECIP       PRECIP       RH-TEMP                 RH-TEMP                 SURFTEMP                                   AVG TEMP       AVG TEMP       AVG TEMP       WB/DEW           WB/DEW           PRESSURE          AVG STP           PRESSURE          WIND                                        WIND                                        RHX RH            RH            RH            
Name                           USAF   NCDC  Date     HrMn I Type  QCP  Dir Q I Spd   Q Temp   Q Dewpt  Q Slp    Q Pr Amt   I Q Pr Amt   I Q Pr Amt   I Q Pr Amt   I Q Pr Temp   Q Q RH    Q Q Pr Temp   Q Q RH    Q Q AvSfT  Q Q MnSfT  Q Q MxSfT  Q Q StSf  Q Q Pr  I Temp   Q Pr  I Temp   Q Pr  I Temp   Q Pr  C WB/DP  C Q Pr  C WB/DP  C Q Alt    Q Stp    Q ASTP   Q ASLP   Q AvStP  Q MnSLP  Q AvW MxGs  Q Q MDr Q Q WdSpS  Q Q WDirS  Q Q AvW MxGs  Q Q MDr Q Q WdSpS  Q Q WDirS  Q Q RHx Pr  C RH  C Q Pr  C RH  C Q Pr  C RH  C Q 
BURLEY MUNICIPAL AIRPORT       725867 24133 20140705 0053 7 FM-15      140 5 N   2.6 5   32.2 5    8.3 5 1009.1 5 01   0.0 9 5 99 999.9 9 9 99 999.9 9 9 99 999.9 9 9 99  999.9 9 9 999.9 9 9 99  999.9 9 9 999.9 9 9  999.9 9 9  999.9 9 9  999.9 9 9 999.9 9 9 999 9  99.99 9 999 9  99.99 9 999 9  99.99 9 999 9  99.99 9 9 999 9  99.99 9 9 1013.9 5  870.5 5 9999.9 9 9999.9 9 9999.9 9 9999.9 9 999 999.9 9 9 999 9 9 999.99 9 9 999.99 9 9 999 999.9 9 9 999 9 9 999.99 9 9 999.99 9 9  23 999 9 999 9 9 999 9 999 9 9 999 9 999 9 9 
BURLEY MUNICIPAL AIRPORT       725867 24133 20140705 0153 7 FM-15      140 5 N   2.1 5   31.1 5    7.2 5 1008.8 5 01   0.0 9 5 99 999.9 9 9 99 999.9 9 9 99 999.9 9 9 99  999.9 9 9 999.9 9 9 99  999.9 9 9 999.9 9 9  999.9 9 9  999.9 9 9  999.9 9 9 999.9 9 9 999 9  99.99 9 999 9  99.99 9 999 9  99.99 9 999 9  99.99 9 9 999 9  99.99 9 9 1013.9 5  870.5 5 9999.9 9 9999.9 9 9999.9 9 9999.9 9 999 999.9 9 9 999 9 9 999.99 9 9 999.99 9 9 999 999.9 9 9 999 9 9 999.99 9 9 999.99 9 9  23 999 9 999 9 9 999 9 999 9 9 999 9 999 9 9 
BURLEY MUNICIPAL AIRPORT       725867 24133 20140705 0253 7 FM-15      130 5 N   1.5 5   26.7 5   11.1 5 1008.9 5 01   0.0 9 5 99 999.9 9 9 99 999.9 9 9 99 999.9 9 9 99  999.9 9 9 999.9 9 9 99  999.9 9 9 999.9 9 9  999.9 9 9  999.9 9 9  999.9 9 9 999.9 9 9 999 9  99.99 9 999 9  99.99 9 999 9  99.99 9 999 9  99.99 9 9 999 9  99.99 9 9 1013.9 5  870.5 5 9999.9 9 9999.9 9 9999.9 9 9999.9 9 999 999.9 9 9 999 9 9 999.99 9 9 999.99 9 9 999 999.9 9 9 999 9 9 999.99 9 9 999.99 9 9  38 999 9 999 9 9 999 9 999 9 9 999 9 999 9 9 
BURLEY MUNICIPAL AIRPORT       725867 24133 20140705 0353 7 FM-15      320 5 N   2.1 5   23.3 5   11.7 5 1009.2 5 01   0.0 9 5 99 999.9 9 9 99 999.9 9 9 99 999.9 9 9 99  999.9 9 9 999.9 9 9 99  999.9 9 9 999.9 9 9  999.9 9 9  999.9 9 9  999.9 9 9 999.9 9 9 999 9  99.99 9 999 9  99.99 9 999 9  99.99 9 999 9  99.99 9 9 999 9  99.99 9 9 1014.2 5  870.8 5 9999.9 9 9999.9 9 9999.9 9 9999.9 9 999 999.9 9 9 999 9 9 999.99 9 9 999.99 9 9 999 999.9 9 9 999 9 9 999.99 9 9 999.99 9 9  48 999 9 999 9 9 999 9 999 9 9 999 9 999 9 9 
BURLEY MUNICIPAL AIRPORT       725867 24133 20140705 0453 7 FM-15      999 9 C   0.0 5   20.6 5   13.3 5 1009.7 5 01   0.0 9 5 99 999.9 9 9 99 999.9 9 9 99 999.9 9 9 99  999.9 9 9 999.9 9 9 99  999.9 9 9 999.9 9 9  999.9 9 9  999.9 9 9  999.9 9 9 999.9 9 9 999 9  99.99 9 999 9  99.99 9 999 9  99.99 9 999 9  99.99 9 9 999 9  99.99 9 9 1014.9 5  871.4 5 9999.9 9 9999.9 9 9999.9 9 9999.9 9 999 999.9 9 9 999 9 9 999.99 9 9 999.99 9 9 999 999.9 9 9 999 9 9 999.99 9 9 999.99 9 9  63 999 9 999 9 9 999 9 999 9 9 999 9 999 9 9 
BURLEY MUNICIPAL AIRPORT       725867 24133 20140705 0553 7 FM-15      260 5 N   2.1 5   18.9 5   12.8 5 1010.0 5 01   0.0 9 5 99 999.9 9 9 99 999.9 9 9 99 999.9 9 9 99  999.9 9 9 999.9 9 9 99  999.9 9 9 999.9 9 9  999.9 9 9  999.9 9 9  999.9 9 9 999.9 9 9 999 9  99.99 9 999 9  99.99 9 999 9  99.99 9 999 9  99.99 9 9 999 9  99.99 9 9 1015.2 5  871.7 5 9999.9 9 9999.9 9 9999.9 9 9999.9 9 999 999.9 9 9 999 9 9 999.99 9 9 999.99 9 9 999 999.9 9 9 999 9 9 999.99 9 9 999.99 9 9  68 999 9 999 9 9 999 9 999 9 9 999 9 999 9 9 
BURLEY MUNICIPAL AIRPORT       725867 24133 20140705 0653 7 FM-15      230 5 N   3.1 5   17.2 5   11.1 5 1010.5 5 01   0.0 9 5 99 999.9 9 9 99 999.9 9 9 99 999.9 9 9 99  999.9 9 9 999.9 9 9 99  999.9 9 9 999.9 9 9  999.9 9 9  999.9 9 9  999.9 9 9 999.9 9 9 999 9  99.99 9 999 9  99.99 9 999 9  99.99 9 999 9  99.99 9 9 999 9  99.99 9 9 1015.6 5  872.0 5 9999.9 9 9999.9 9 9999.9 9 9999.9 9 999 999.9 9 9 999 9 9 999.99 9 9 999.99 9 9 999 999.9 9 9 999 9 9 999.99 9 9 999.99 9 9  67 999 9 999 9 9 999 9 999 9 9 999 9 999 9 9 
BURLEY MUNICIPAL AIRPORT       725867 24133 20140705 0659 6   SOD      999 9 9 999.9 9  999.9    999.9 9 9999.9 9 24   0.0 2 5 99 999.9 9 9 99 999.9 9 9 99 999.9 9 9 99  999.9 9 9 999.9 9 9 99  999.9 9 9 999.9 9 9  999.9 9 9  999.9 9 9  999.9 9 9 999.9 9 9 999 9  99.99 9 999 9  99.99 9 999 9  99.99 9 999 9  99.99 9 9 999 9  99.99 9 9 9999.9 9 9999.9 9 9999.9 9 9999.9 9  872.0 4 1008.5 4 999 999.9 9 9 999 9 9 999.99 9 9 999.99 9 9 999 999.9 9 9 999 9 9 999.99 9 9 999.99 9 9 999 999 9 999 9 9 999 9 999 9 9 999 9 999 9 9 
BURLEY MUNICIPAL AIRPORT       725867 24133 20140705 0753 7 FM-15      999 9 C   0.0 5   17.8 5   11.7 5 1010.8 5 01   0.0 9 5 99 999.9 9 9 99 999.9 9 9 99 999.9 9 9 99  999.9 9 9 999.9 9 9 99  999.9 9 9 999.9 9 9  999.9 9 9  999.9 9 9  999.9 9 9 999.9 9 9 999 9  99.99 9 999 9  99.99 9 999 9  99.99 9 999 9  99.99 9 9 999 9  99.99 9 9 1015.9 5  872.3 5 9999.9 9 9999.9 9 9999.9 9 9999.9 9 999 999.9 9 9 999 9 9 999.99 9 9 999.99 9 9 999 999.9 9 9 999 9 9 999.99 9 9 999.99 9 9  68 999 9 999 9 9 999 9 999 9 9 999 9 999 9 9 
BURLEY MUNICIPAL AIRPORT       725867 24133 20140705 0853 7 FM-15      210 5 N   2.1 5   15.6 5   10.0 5 1011.3 5 01   0.0 9 5 99 999.9 9 9 99 999.9 9 9 99 999.9 9 9 99  999.9 9 9 999.9 9 9 99  999.9 9 9 999.9 9 9  999.9 9 9  999.9 9 9  999.9 9 9 999.9 9 9 999 9  99.99 9 999 9  99.99 9 999 9  99.99 9 999 9  99.99 9 9 999 9  99.99 9 9 1016.6 5  872.9 5 9999.9 9 9999.9 9 9999.9 9 9999.9 9 999 999.9 9 9 999 9 9 999.99 9 9 999.99 9 9 999 999.9 9 9 999 9 9 999.99 9 9 999.99 9 9  69 999 9 999 9 9 999 9 999 9 9 999 9 999 9 9 
BURLEY MUNICIPAL AIRPORT       725867 24133 20140705 0953 7 FM-15      999 9 C   0.0 5   15.6 5   10.0 5 1012.0 5 01   0.0 9 5 99 999.9 9 9 99 999.9 9 9 99 999.9 9 9 99  999.9 9 9 999.9 9 9 99  999.9 9 9 999.9 9 9  999.9 9 9  999.9 9 9  999.9 9 9 999.9 9 9 999 9  99.99 9 999 9  99.99 9 999 9  99.99 9 999 9  99.99 9 9 999 9  99.99 9 9 1017.3 5  873.5 5 9999.9 9 9999.9 9 9999.9 9 9999.9 9 999 999.9 9 9 999 9 9 999.99 9 9 999.99 9 9 999 999.9 9 9 999 9 9 999.99 9 9 999.99 9 9  69 999 9 999 9 9 999 9 999 9 9 999 9 999 9 9 
BURLEY MUNICIPAL AIRPORT       725867 24133 20140705 1053 7 FM-15      230 5 N   3.1 5   14.4 5    8.9 5 1012.6 5 01   0.0 9 5 99 999.9 9 9 99 999.9 9 9 99 999.9 9 9 99  999.9 9 9 999.9 9 9 99  999.9 9 9 999.9 9 9  999.9 9 9  999.9 9 9  999.9 9 9 999.9 9 9 999 9  99.99 9 999 9  99.99 9 999 9  99.99 9 999 9  99.99 9 9 999 9  99.99 9 9 1017.6 5  873.8 5 9999.9 9 9999.9 9 9999.9 9 9999.9 9 999 999.9 9 9 999 9 9 999.99 9 9 999.99 9 9 999 999.9 9 9 999 9 9 999.99 9 9 999.99 9 9  70 999 9 999 9 9 999 9 999 9 9 999 9 999 9 9 
BURLEY MUNICIPAL AIRPORT       725867 24133 20140705 1153 7 FM-15      180 5 N   2.6 5   14.4 5    8.3 5 1013.4 5 01   0.0 9 5 99 999.9 9 9 99 999.9 9 9 99 999.9 9 9 99  999.9 9 9 999.9 9 9 99  999.9 9 9 999.9 9 9  999.9 9 9  999.9 9 9  999.9 9 9 999.9 9 9 999 9  99.99 9 999 9  99.99 9 999 9  99.99 9 999 9  99.99 9 9 999 9  99.99 9 9 1018.3 5  874.4 5 9999.9 9 9999.9 9 9999.9 9 9999.9 9 999 999.9 9 9 999 9 9 999.99 9 9 999.99 9 9 999 999.9 9 9 999 9 9 999.99 9 9 999.99 9 9  67 999 9 999 9 9 999 9 999 9 9 999 9 999 9 9 
BURLEY MUNICIPAL AIRPORT       725867 24133 20140705 1253 7 FM-15      210 5 N   3.6 5   15.0 5    9.4 5 1014.5 5 01   0.0 9 5 99 999.9 9 9 99 999.9 9 9 99 999.9 9 9 99  999.9 9 9 999.9 9 9 99  999.9 9 9 999.9 9 9  999.9 9 9  999.9 9 9  999.9 9 9 999.9 9 9 999 9  99.99 9 999 9  99.99 9 999 9  99.99 9 999 9  99.99 9 9 999 9  99.99 9 9 1019.3 5  875.3 5 9999.9 9 9999.9 9 9999.9 9 9999.9 9 999 999.9 9 9 999 9 9 999.99 9 9 999.99 9 9 999 999.9 9 9 999 9 9 999.99 9 9 999.99 9 9  69 999 9 999 9 9 999 9 999 9 9 999 9 999 9 9 
BURLEY MUNICIPAL AIRPORT       725867 24133 20140705 1353 7 FM-15      999 9 C   0.0 5   20.0 5    9.4 5 1015.1 5 01   0.0 9 5 99 999.9 9 9 99 999.9 9 9 99 999.9 9 9 99  999.9 9 9 999.9 9 9 99  999.9 9 9 999.9 9 9  999.9 9 9  999.9 9 9  999.9 9 9 999.9 9 9 999 9  99.99 9 999 9  99.99 9 999 9  99.99 9 999 9  99.99 9 9 999 9  99.99 9 9 1020.3 5  876.2 5 9999.9 9 9999.9 9 9999.9 9 9999.9 9 999 999.9 9 9 999 9 9 999.99 9 9 999.99 9 9 999 999.9 9 9 999 9 9 999.99 9 9 999.99 9 9  50 999 9 999 9 9 999 9 999 9 9 999 9 999 9 9 
BURLEY MUNICIPAL AIRPORT       725867 24133 20140705 1453 7 FM-15      260 5 N   4.1 5   23.3 5    8.3 5 1016.1 5 01   0.0 9 5 99 999.9 9 9 99 999.9 9 9 99 999.9 9 9 99  999.9 9 9 999.9 9 9 99  999.9 9 9 999.9 9 9  999.9 9 9  999.9 9 9  999.9 9 9 999.9 9 9 999 9  99.99 9 999 9  99.99 9 999 9  99.99 9 999 9  99.99 9 9 999 9  99.99 9 9 1021.0 5  876.8 5 9999.9 9 9999.9 9 9999.9 9 9999.9 9 999 999.9 9 9 999 9 9 999.99 9 9 999.99 9 9 999 999.9 9 9 999 9 9 999.99 9 9 999.99 9 9  38 999 9 999 9 9 999 9 999 9 9 999 9 999 9 9 
BURLEY MUNICIPAL AIRPORT       725867 24133 20140705 1553 7 FM-15      270 5 N   5.1 5   25.6 5    8.3 5 1016.5 5 01   0.0 9 5 99 999.9 9 9 99 999.9 9 9 99 999.9 9 9 99  999.9 9 9 999.9 9 9 99  999.9 9 9 999.9 9 9  999.9 9 9  999.9 9 9  999.9 9 9 999.9 9 9 999 9  99.99 9 999 9  99.99 9 999 9  99.99 9 999 9  99.99 9 9 999 9  99.99 9 9 1021.3 5  877.1 5 9999.9 9 9999.9 9 9999.9 9 9999.9 9 999 999.9 9 9 999 9 9 999.99 9 9 999.99 9 9 999 999.9 9 9 999 9 9 999.99 9 9 999.99 9 9  33 999 9 999 9 9 999 9 999 9 9 999 9 999 9 9 
BURLEY MUNICIPAL AIRPORT       725867 24133 20140705 1653 7 FM-15      270 5 N   5.1 5   26.1 5    7.8 5 1017.0 5 01   0.0 9 5 99 999.9 9 9 99 999.9 9 9 99 999.9 9 9 99  999.9 9 9 999.9 9 9 99  999.9 9 9 999.9 9 9  999.9 9 9  999.9 9 9  999.9 9 9 999.9 9 9 999 9  99.99 9 999 9  99.99 9 999 9  99.99 9 999 9  99.99 9 9 999 9  99.99 9 9 1021.7 5  877.4 5 9999.9 9 9999.9 9 9999.9 9 9999.9 9 999 999.9 9 9 999 9 9 999.99 9 9 999.99 9 9 999 999.9 9 9 999 9 9 999.99 9 9 999.99 9 9  31 999 9 999 9 9 999 9 999 9 9 999 9 999 9 9 
BURLEY MUNICIPAL AIRPORT       725867 24133 20140705 1753 7 FM-15      270 5 N   6.2 5   27.8 5    8.3 5 1017.2 5 01   0.0 9 5 99 999.9 9 9 99 999.9 9 9 99 999.9 9 9 99  999.9 9 9 999.9 9 9 99  999.9 9 9 999.9 9 9  999.9 9 9  999.9 9 9  999.9 9 9 999.9 9 9 999 9  99.99 9 999 9  99.99 9 999 9  99.99 9 999 9  99.99 9 9 999 9  99.99 9 9 1022.0 5  877.7 5 9999.9 9 9999.9 9 9999.9 9 9999.9 9 999 999.9 9 9 999 9 9 999.99 9 9 999.99 9 9 999 999.9 9 9 999 9 9 999.99 9 9 999.99 9 9  29 999 9 999 9 9 999 9 999 9 9 999 9 999 9 9 
BURLEY MUNICIPAL AIRPORT       725867 24133 20140705 1853 7 FM-15      270 5 N   5.7 5   28.9 5    9.4 5 1017.3 5 01   0.0 9 5 99 999.9 9 9 99 999.9 9 9 99 999.9 9 9 99  999.9 9 9 999.9 9 9 99  999.9 9 9 999.9 9 9  999.9 9 9  999.9 9 9  999.9 9 9 999.9 9 9 999 9  99.99 9 999 9  99.99 9 999 9  99.99 9 999 9  99.99 9 9 999 9  99.99 9 9 1022.0 5  877.7 5 9999.9 9 9999.9 9 9999.9 9 9999.9 9 999 999.9 9 9 999 9 9 999.99 9 9 999.99 9 9 999 999.9 9 9 999 9 9 999.99 9 9 999.99 9 9  30 999 9 999 9 9 999 9 999 9 9 999 9 999 9 9 
BURLEY MUNICIPAL AIRPORT       725867 24133 20140705 1953 7 FM-15      280 5 N   5.7 5   30.6 5    7.2 5 1016.6 5 01   0.0 9 5 99 999.9 9 9 99 999.9 9 9 99 999.9 9 9 99  999.9 9 9 999.9 9 9 99  999.9 9 9 999.9 9 9  999.9 9 9  999.9 9 9  999.9 9 9 999.9 9 9 999 9  99.99 9 999 9  99.99 9 999 9  99.99 9 999 9  99.99 9 9 999 9  99.99 9 9 1021.7 5  877.4 5 9999.9 9 9999.9 9 9999.9 9 9999.9 9 999 999.9 9 9 999 9 9 999.99 9 9 999.99 9 9 999 999.9 9 9 999 9 9 999.99 9 9 999.99 9 9  23 999 9 999 9 9 999 9 999 9 9 999 9 999 9 9 
BURLEY MUNICIPAL AIRPORT       725867 24133 20140705 2053 7 FM-15      999 9 V   2.6 5   30.6 5    7.8 5 1016.3 5 01   0.0 9 5 99 999.9 9 9 99 999.9 9 9 99 999.9 9 9 99  999.9 9 9 999.9 9 9 99  999.9 9 9 999.9 9 9  999.9 9 9  999.9 9 9  999.9 9 9 999.9 9 9 999 9  99.99 9 999 9  99.99 9 999 9  99.99 9 999 9  99.99 9 9 999 9  99.99 9 9 1021.0 5  876.8 5 9999.9 9 9999.9 9 9999.9 9 9999.9 9 999 999.9 9 9 999 9 9 999.99 9 9 999.99 9 9 999 999.9 9 9 999 9 9 999.99 9 9 999.99 9 9  24 999 9 999 9 9 999 9 999 9 9 999 9 999 9 9 
BURLEY MUNICIPAL AIRPORT       725867 24133 20140705 2153 7 FM-15      300 5 N   2.6 5   32.2 5    6.1 5 1015.7 5 01   0.0 9 5 99 999.9 9 9 99 999.9 9 9 99 999.9 9 9 99  999.9 9 9 999.9 9 9 99  999.9 9 9 999.9 9 9  999.9 9 9  999.9 9 9  999.9 9 9 999.9 9 9 999 9  99.99 9 999 9  99.99 9 999 9  99.99 9 999 9  99.99 9 9 999 9  99.99 9 9 1020.7 5  876.5 5 9999.9 9 9999.9 9 9999.9 9 9999.9 9 999 999.9 9 9 999 9 9 999.99 9 9 999.99 9 9 999 999.9 9 9 999 9 9 999.99 9 9 999.99 9 9  20 999 9 999 9 9 999 9 999 9 9 999 9 999 9 9 
BURLEY MUNICIPAL AIRPORT       725867 24133 20140705 2253 7 FM-15      300 5 N   4.1 5   31.1 5    5.0 5 1015.5 5 01   0.0 9 5 99 999.9 9 9 99 999.9 9 9 99 999.9 9 9 99  999.9 9 9 999.9 9 9 99  999.9 9 9 999.9 9 9  999.9 9 9  999.9 9 9  999.9 9 9 999.9 9 9 999 9  99.99 9 999 9  99.99 9 999 9  99.99 9 999 9  99.99 9 9 999 9  99.99 9 9 1020.0 5  875.9 5 9999.9 9 9999.9 9 9999.9 9 9999.9 9 999 999.9 9 9 999 9 9 999.99 9 9 999.99 9 9 999 999.9 9 9 999 9 9 999.99 9 9 999.99 9 9  19 999 9 999 9 9 999 9 999 9 9 999 9 999 9 9 
BURLEY MUNICIPAL AIRPORT       725867 24133 20140705 2353 7 FM-15      270 5 N   3.6 5   30.0 5    7.2 5 1015.1 5 01   0.0 9 5 99 999.9 9 9 99 999.9 9 9 99 999.9 9 9 99  999.9 9 9 999.9 9 9 99  999.9 9 9 999.9 9 9  999.9 9 9  999.9 9 9  999.9 9 9 999.9 9 9 999 9  99.99 9 999 9  99.99 9 999 9  99.99 9 999 9  99.99 9 9 999 9  99.99 9 9 1019.6 5  875.6 5 9999.9 9 9999.9 9 9999.9 9 9999.9 9 999 999.9 9 9 999 9 9 999.99 9 9 999.99 9 9 999 999.9 9 9 999 9 9 999.99 9 9 999.99 9 9  24 999 9 999 9 9 999 9 999 9 9 999 9 999 9 9 
